Iteration=200
Iteration_Mode=0
populationSize=10
w=0.4651785361259239
c1=0.54
c2=0.42000000000000004
Vmax=4
Execution_Mode=2
Print_Mode=0
Write_Mode=1
threshold=0.000010
